timestamp,epoch,latitude,longitude,speed,heading,course,status
2019-02-05 21:14:51+00:00,1549401291,53.887,1.885667,0.0,328.0,153.0,15
2019-02-06 01:16:32+00:00,1549415792,53.887,1.885667,0.0,328.0,216.0,15
2019-02-06 05:01:12+00:00,1549429272,53.887,1.885667,0.0,328.0,248.0,15
2019-02-06 13:14:32+00:00,1549458872,53.887,1.885667,0.0,328.0,283.0,15
2019-02-06 16:15:51+00:00,1549469751,53.887,1.885667,0.0,328.0,23.0,15
2019-02-07 01:13:01+00:00,1549501981,53.887,1.885667,0.0,328.0,36.0,15
2019-02-07 07:10:32+00:00,1549523432,53.887,1.885667,0.0,328.0,82.0,15
2019-02-07 09:05:51+00:00,1549530351,53.887,1.885667,0.0,328.0,103.0,15
2019-02-07 11:19:21+00:00,1549538361,53.887,1.885667,0.0,328.0,188.0,15
2019-02-07 18:01:12+00:00,1549562472,53.887,1.885667,0.0,328.0,64.0,15
2019-02-08 19:19:41+00:00,1549653581,53.887,1.885667,0.0,328.0,203.0,15
2019-02-09 02:20:52+00:00,1549678852,53.887,1.885667,0.0,328.0,199.0,15
2019-02-09 08:00:41+00:00,1549699241,53.887,1.885667,0.0,328.0,99.0,15
2019-02-09 19:05:11+00:00,1549739111,53.887,1.885667,0.0,328.0,126.0,15
2019-02-10 01:21:12+00:00,1549761672,53.887,1.885667,0.0,328.0,185.0,15
2019-02-10 05:05:21+00:00,1549775121,53.887,1.885667,0.0,328.0,326.0,15
2019-02-10 06:13:41+00:00,1549779221,53.887,1.885667,0.0,328.0,86.0,15
2019-02-10 08:06:00+00:00,1549785960,53.887,1.885667,0.0,328.0,303.0,15
2019-02-10 16:17:52+00:00,1549815472,53.887,1.885667,0.0,328.0,141.0,15
2019-02-10 17:01:41+00:00,1549818101,53.887,1.885667,0.0,328.0,176.0,15
2019-02-10 19:13:11+00:00,1549825991,53.887,1.885667,0.0,328.0,195.0,15
2019-02-10 20:21:27+00:00,1549830087,53.887,1.885667,0.0,328.0,143.0,15
2019-02-10 21:06:31+00:00,1549832791,53.887,1.885667,0.0,328.0,326.0,15
2019-02-11 04:08:51+00:00,1549858131,53.887,1.885667,0.0,328.0,219.0,15
2019-02-11 09:02:51+00:00,1549875771,53.88683,1.885667,0.0,328.0,176.0,15
2019-02-11 10:10:42+00:00,1549879842,53.887,1.885667,0.0,328.0,288.0,15
2019-02-11 11:15:12+00:00,1549883712,53.887,1.885667,0.0,328.0,209.0,15
2019-02-11 12:20:41+00:00,1549887641,53.887,1.885667,0.0,328.0,156.0,15
2019-02-12 05:24:20+00:00,1549949060,53.89933,1.8715,0.0,327.0,216.0,15
2019-02-12 09:12:10+00:00,1549962730,53.89933,1.8715,0.0,327.0,333.0,15
2019-02-12 12:54:01+00:00,1549976041,53.89933,1.8715,0.0,327.0,336.0,15
2019-02-12 15:07:21+00:00,1549984041,53.89933,1.8715,0.0,327.0,38.0,15
2019-02-12 19:18:11+00:00,1549999091,53.89933,1.8715,0.0,327.0,165.0,15
2019-02-12 23:19:51+00:00,1550013591,53.89933,1.8715,0.0,327.0,228.0,15
2019-02-13 01:09:10+00:00,1550020150,53.89933,1.8715,0.0,327.0,68.0,15
2019-02-13 05:07:40+00:00,1550034460,53.89933,1.8715,0.0,327.0,254.0,15
2019-02-13 19:13:40+00:00,1550085220,53.89933,1.8715,0.0,327.0,256.0,15
2019-02-13 22:12:01+00:00,1550095921,53.89933,1.8715,0.0,327.0,14.0,15
2019-02-14 02:10:00+00:00,1550110200,53.89933,1.8715,0.0,327.0,222.0,15
2019-02-14 09:08:21+00:00,1550135301,53.89933,1.8715,0.0,327.0,17.0,15
2019-02-14 12:08:12+00:00,1550146092,53.89933,1.8715,0.0,327.0,122.0,15
2019-02-14 14:00:12+00:00,1550152812,53.89933,1.8715,0.0,327.0,310.0,15
2019-02-14 22:08:30+00:00,1550182110,53.89933,1.8715,0.0,327.0,142.0,15
2019-02-15 04:05:31+00:00,1550203531,53.89933,1.8715,0.0,327.0,21.0,15
2019-02-15 05:11:02+00:00,1550207462,53.89933,1.8715,0.0,327.0,330.0,15
2019-02-15 12:01:43+00:00,1550232103,53.89933,1.8715,0.0,327.0,47.0,15
2019-02-15 14:13:12+00:00,1550239992,53.89933,1.8715,0.0,327.0,112.0,15
2019-02-16 06:20:42+00:00,1550298042,53.90967,1.857833,0.0,219.0,137.0,15
2019-02-16 15:08:51+00:00,1550329731,53.90967,1.858,0.0,219.0,34.0,15
2019-02-16 18:01:02+00:00,1550340062,53.90967,1.858,0.0,219.0,308.0,15
2019-02-17 03:14:34+00:00,1550373274,53.90967,1.858,0.0,219.0,179.0,15
2019-02-17 08:03:42+00:00,1550390622,53.90967,1.858,0.0,219.0,228.0,15
2019-02-17 09:10:32+00:00,1550394632,53.90983,1.857833,0.0,219.0,254.0,15
2019-02-17 17:19:42+00:00,1550423982,53.90967,1.858,0.0,219.0,155.0,15
2019-02-17 22:05:52+00:00,1550441152,53.90967,1.858,0.0,219.0,90.0,15
2019-02-17 23:11:12+00:00,1550445072,53.90967,1.858,0.0,219.0,293.0,15
2019-02-18 01:00:13+00:00,1550451613,53.90967,1.857833,0.0,219.0,22.0,15
2019-02-18 05:07:22+00:00,1550466442,53.90967,1.858,0.0,219.0,82.0,15
2019-02-18 06:13:51+00:00,1550470431,53.90967,1.857833,0.0,219.0,133.0,15
2019-02-18 08:07:32+00:00,1550477252,53.90967,1.857833,0.0,219.0,326.0,15
2019-02-18 09:14:51+00:00,1550481291,53.90983,1.858,0.0,219.0,122.0,15
2019-02-18 13:19:53+00:00,1550495993,53.90967,1.857833,0.0,219.0,189.0,15
2019-02-18 17:02:47+00:00,1550509367,53.90967,1.858,0.0,219.0,350.0,15
2019-02-19 04:13:22+00:00,1550549602,53.90967,1.858,0.0,219.0,113.0,15
2019-02-19 12:22:03+00:00,1550578923,53.90967,1.858,0.0,219.0,99.0,15
2019-02-19 16:01:33+00:00,1550592093,53.90967,1.858,0.0,219.0,193.0,15
2019-02-19 20:03:03+00:00,1550606583,53.90967,1.858,0.0,219.0,355.0,15
2019-02-19 22:18:23+00:00,1550614703,53.90967,1.858,0.0,219.0,224.0,15
2019-02-20 08:15:12+00:00,1550650512,53.90983,1.858,0.0,219.0,221.0,15
2019-02-20 09:00:13+00:00,1550653213,53.90983,1.858,0.0,219.0,217.0,15
2019-02-20 15:12:41+00:00,1550675561,53.90967,1.858,0.0,219.0,96.0,15
2019-02-20 17:02:33+00:00,1550682153,53.90967,1.858,0.0,219.0,184.0,15
2019-02-20 21:05:02+00:00,1550696702,53.90967,1.858,0.0,219.0,130.0,15
2019-02-21 04:08:32+00:00,1550722112,53.90967,1.858,0.0,219.0,125.0,15
2019-02-21 05:15:52+00:00,1550726152,53.90967,1.858,0.0,219.0,222.0,15
2019-02-21 17:07:32+00:00,1550768852,53.90967,1.858,0.0,219.0,190.0,15
2019-02-21 18:13:42+00:00,1550772822,53.90967,1.857833,0.0,219.0,81.0,15
2019-02-21 20:05:11+00:00,1550779511,53.90967,1.858,0.0,219.0,245.0,15
2019-02-21 23:01:53+00:00,1550790113,53.90967,1.858,0.0,218.0,135.0,15
2019-02-22 02:15:13+00:00,1550801713,53.90983,1.858,0.0,219.0,121.0,15
2019-02-22 12:04:38+00:00,1550837078,53.92067,1.8465,0.0,164.0,287.0,15
2019-02-22 14:15:29+00:00,1550844929,53.92067,1.8465,0.0,164.0,37.0,15
2019-02-22 15:00:08+00:00,1550847608,53.92067,1.8465,0.0,164.0,228.0,15
2019-02-22 17:09:18+00:00,1550855358,53.92067,1.8465,0.0,164.0,352.0,15
2019-02-22 21:10:38+00:00,1550869838,53.92067,1.8465,0.0,164.0,303.0,15
2019-02-23 05:12:37+00:00,1550898757,53.92067,1.8465,0.0,164.0,298.0,15
2019-02-23 14:19:28+00:00,1550931568,53.92067,1.8465,0.0,164.0,287.0,15
2019-02-23 20:11:48+00:00,1550952708,53.92067,1.8465,0.0,164.0,115.0,15
2019-02-23 21:18:28+00:00,1550956708,53.92067,1.8465,0.0,164.0,328.0,15
2019-02-27 00:06:40+00:00,1551226000,53.91217,1.9825,0.0,328.0,210.0,15
2019-02-27 04:26:40+00:00,1551241600,53.91217,1.9825,0.0,328.0,228.0,15
2019-02-28 03:16:59+00:00,1551323819,53.91817,2.015833,0.0,150.0,270.0,15
2019-02-28 08:09:08+00:00,1551341348,53.91817,2.015833,0.0,150.0,346.0,15
2019-02-28 13:19:18+00:00,1551359958,53.91817,2.015833,0.0,150.0,109.0,15
2019-02-28 21:08:49+00:00,1551388129,53.91817,2.015833,0.0,150.0,17.0,15
2019-02-28 22:16:38+00:00,1551392198,53.91817,2.015833,0.0,150.0,157.0,15
2019-02-28 23:01:39+00:00,1551394899,53.91817,2.015833,0.0,150.0,194.0,15
2019-03-01 01:14:59+00:00,1551402899,53.91817,2.015833,0.0,150.0,76.0,15
2019-03-01 04:13:09+00:00,1551413589,53.91817,2.015833,0.0,150.0,64.0,15
2019-03-01 18:15:49+00:00,1551464149,53.91817,2.015833,0.0,150.0,293.0,15
2019-03-01 21:14:59+00:00,1551474899,53.91817,2.015833,0.0,150.0,233.0,15
2019-03-02 07:18:39+00:00,1551511119,53.91817,2.015833,0.0,150.0,114.0,15
2019-03-02 10:18:10+00:00,1551521890,53.91817,2.015833,0.0,150.0,23.0,15
2019-03-02 12:03:38+00:00,1551528218,53.922,1.969167,0.0,188.0,306.0,3
2019-03-02 16:12:20+00:00,1551543140,53.922,1.969333,0.0,188.0,253.0,3
2019-03-03 02:14:39+00:00,1551579279,53.922,1.969333,0.0,188.0,321.0,3
2019-03-03 10:00:10+00:00,1551607210,53.922,1.969167,0.0,188.0,178.0,3
2019-03-03 12:01:09+00:00,1551614469,53.922,1.969167,0.0,188.0,10.0,3
2019-03-03 13:07:28+00:00,1551618448,53.922,1.969333,0.0,188.0,344.0,3
2019-03-03 14:13:30+00:00,1551622410,53.922,1.969333,0.0,188.0,323.0,3
2019-03-03 20:02:20+00:00,1551643340,53.922,1.969167,0.0,188.0,109.0,3
2019-03-03 22:13:10+00:00,1551651190,53.922,1.969167,0.0,188.0,332.0,3
2019-03-04 09:00:29+00:00,1551690029,53.922,1.969167,0.0,188.0,74.0,3
2019-03-04 17:04:00+00:00,1551719040,53.922,1.969333,0.0,188.0,271.0,3
2019-03-04 21:06:09+00:00,1551733569,53.922,1.969333,0.0,188.0,215.0,3
2019-03-04 23:22:00+00:00,1551741720,53.922,1.969167,0.0,188.0,21.0,3
2019-03-05 04:07:19+00:00,1551758839,53.922,1.969333,0.0,188.0,226.0,3
2019-03-05 07:01:18+00:00,1551769278,53.922,1.969333,0.0,188.0,258.0,3
2019-03-05 08:07:59+00:00,1551773279,53.922,1.969333,0.0,188.0,61.0,3
2019-03-05 14:05:00+00:00,1551794700,53.922,1.969333,0.0,188.0,280.0,3
2019-03-05 19:19:00+00:00,1551813540,53.922,1.969333,0.0,188.0,286.0,15
2019-03-05 21:07:00+00:00,1551820020,53.922,1.969333,0.0,188.0,323.0,15
2019-03-05 23:18:29+00:00,1551827909,53.922,1.969167,0.0,188.0,279.0,15
2019-03-06 00:02:59+00:00,1551830579,53.922,1.969333,0.0,188.0,29.0,15
2019-03-06 06:00:28+00:00,1551852028,53.922,1.969333,0.0,188.0,181.0,15
2019-03-06 21:15:39+00:00,1551906939,53.922,1.969333,0.0,188.0,259.0,15
2019-03-07 13:16:39+00:00,1551964599,53.922,1.969333,0.0,188.0,307.0,15
2019-03-07 14:04:50+00:00,1551967490,53.922,1.969333,0.0,188.0,350.0,15
2019-03-08 08:09:19+00:00,1552032559,53.922,1.969333,0.0,188.0,336.0,15
2019-03-08 12:13:28+00:00,1552047208,53.922,1.969333,0.0,188.0,283.0,15
2019-03-08 14:03:30+00:00,1552053810,53.922,1.969333,0.0,188.0,278.0,15
2019-03-08 19:13:09+00:00,1552072389,53.922,1.969333,0.0,188.0,123.0,15
2019-03-09 02:09:10+00:00,1552097350,53.922,1.969333,0.0,188.0,241.0,15
2019-03-09 10:03:40+00:00,1552125820,53.922,1.969333,0.0,188.0,254.0,15
2019-03-09 14:10:00+00:00,1552140600,53.922,1.969333,0.0,188.0,262.0,15
2019-03-09 16:22:28+00:00,1552148548,53.922,1.969333,0.0,188.0,137.0,15
2019-03-09 20:21:59+00:00,1552162919,53.922,1.969167,0.0,188.0,41.0,15
2019-03-10 07:03:49+00:00,1552201429,53.922,1.969333,0.0,188.0,17.0,15
2019-03-10 13:18:00+00:00,1552223880,53.922,1.969333,0.0,188.0,198.0,15
2019-03-11 03:18:19+00:00,1552274299,53.922,1.969333,0.0,188.0,104.0,15
2019-03-11 12:16:49+00:00,1552306609,53.922,1.969333,0.0,188.0,172.0,15
2019-03-11 15:16:59+00:00,1552317419,53.922,1.969333,0.0,188.0,356.0,15
2019-03-11 18:13:49+00:00,1552328029,53.922,1.969333,0.0,188.0,61.0,15
2019-03-12 01:17:48+00:00,1552353468,53.922,1.969167,0.0,188.0,179.0,15
2019-03-12 15:17:44+00:00,1552403864,53.922,1.969333,0.0,188.0,329.0,15
2019-03-12 17:04:55+00:00,1552410295,53.922,1.969333,0.0,188.0,223.0,15
2019-03-13 05:10:50+00:00,1552453850,53.922,1.969167,0.0,188.0,168.0,15
2019-03-13 14:16:57+00:00,1552486617,53.922,1.969333,0.0,188.0,2.0,15
2019-03-13 23:06:58+00:00,1552518418,53.922,1.969333,0.0,188.0,136.0,15
2019-03-14 00:14:39+00:00,1552522479,53.922,1.969167,0.0,188.0,4.0,15
2019-03-14 11:05:49+00:00,1552561549,53.922,1.969167,0.0,188.0,321.0,15
2019-03-14 17:03:39+00:00,1552583019,53.922,1.969333,0.0,188.0,107.0,15
2019-03-14 20:05:09+00:00,1552593909,53.922,1.969333,0.0,188.0,127.0,15
2019-03-15 00:13:00+00:00,1552608780,53.922,1.969167,0.0,188.0,299.0,15
2019-03-15 06:10:09+00:00,1552630209,53.922,1.969333,0.0,188.0,93.0,15
2019-03-15 17:06:50+00:00,1552669610,53.922,1.969167,0.0,188.0,15.0,15
2019-03-15 20:09:29+00:00,1552680569,53.922,1.969167,0.0,188.0,163.0,15
2019-03-15 23:04:10+00:00,1552691050,53.922,1.969333,0.0,188.0,236.0,15
2019-03-16 05:03:10+00:00,1552712590,53.922,1.969167,0.0,188.0,61.0,15
2019-03-16 06:11:00+00:00,1552716660,53.922,1.969167,0.0,188.0,234.0,15
2019-03-16 09:09:19+00:00,1552727359,53.922,1.969333,0.0,188.0,311.0,15
2019-03-16 15:08:19+00:00,1552748899,53.922,1.969333,0.0,188.0,199.0,15
2019-03-16 19:08:40+00:00,1552763320,53.922,1.969333,0.0,188.0,86.0,15
2019-03-16 20:20:00+00:00,1552767600,53.922,1.969333,0.0,188.0,352.0,15
2019-03-17 00:04:50+00:00,1552781090,53.922,1.969167,0.0,188.0,122.0,15
2019-03-17 02:31:38+00:00,1552789898,53.922,1.969167,0.0,188.0,6.0,15
2019-03-17 07:01:18+00:00,1552806078,53.922,1.969167,0.0,188.0,141.0,15
2019-03-17 11:04:18+00:00,1552820658,53.922,1.969167,0.0,188.0,146.0,15
2019-03-17 17:15:19+00:00,1552842919,53.922,1.969167,0.0,188.0,20.0,15
2019-03-18 09:05:48+00:00,1552899948,53.922,1.969333,0.0,188.0,206.0,15
2019-03-18 12:05:10+00:00,1552910710,53.922,1.969167,0.0,188.0,39.0,15
2019-03-18 16:07:00+00:00,1552925220,53.922,1.969333,0.0,188.0,218.0,15
2019-03-19 10:10:08+00:00,1552990208,53.92,1.932333,0.0,326.0,290.0,15
2019-03-19 14:14:50+00:00,1553004890,53.92,1.932333,0.0,326.0,39.0,15
2019-03-19 16:05:29+00:00,1553011529,53.92,1.932333,0.0,326.0,345.0,15
2019-03-20 02:10:49+00:00,1553047849,53.92,1.932333,0.0,326.0,29.0,15
2019-03-20 04:00:39+00:00,1553054439,53.92,1.932333,0.0,326.0,79.0,15
2019-03-20 05:08:19+00:00,1553058499,53.92,1.932333,0.0,326.0,221.0,15
2019-03-20 07:00:10+00:00,1553065210,53.92,1.932333,0.0,326.0,342.0,15
2019-03-20 13:00:09+00:00,1553086809,53.91983,1.932333,0.0,326.0,166.0,15
2019-03-20 15:10:19+00:00,1553094619,53.92,1.932333,0.0,326.0,42.0,15
2019-03-23 20:03:35+00:00,1553371415,53.90983,2.0265,0.0,329.0,226.0,15
2019-03-23 22:18:15+00:00,1553379495,53.90983,2.026667,0.0,329.0,79.0,15
2019-03-24 00:09:15+00:00,1553386155,53.90983,2.0265,0.0,329.0,210.0,15
2019-03-24 15:03:26+00:00,1553439806,53.90983,2.026667,0.0,329.0,160.0,15
2019-03-24 16:10:06+00:00,1553443806,53.90983,2.0265,0.0,329.0,21.0,15
2019-03-24 23:12:36+00:00,1553469156,53.90983,2.026667,0.0,329.0,85.0,15
2019-03-25 02:37:55+00:00,1553481475,53.90983,2.026667,0.0,329.0,46.0,15
2019-03-25 04:08:14+00:00,1553486894,53.90983,2.0265,0.0,329.0,8.0,15
2019-03-27 12:34:45+00:00,1553690085,53.848,1.9285,0.0,330.0,272.0,15
2019-03-27 15:09:56+00:00,1553699396,53.848,1.9285,0.0,330.0,260.0,15
2019-03-27 23:07:36+00:00,1553728056,53.848,1.9285,0.0,330.0,117.0,15
2019-03-28 01:20:15+00:00,1553736015,53.848,1.9285,0.0,330.0,247.0,15
2019-03-28 06:13:45+00:00,1553753625,53.848,1.9285,0.0,330.0,204.0,15
2019-03-28 07:19:38+00:00,1553757578,53.848,1.9285,0.0,330.0,176.0,15
2019-03-28 08:05:15+00:00,1553760315,53.848,1.9285,0.0,330.0,100.0,15
2019-03-28 16:15:06+00:00,1553789706,53.88683,2.0085,0.0,159.0,36.0,15
2019-03-28 17:18:15+00:00,1553793495,53.88683,2.0085,0.0,159.0,288.0,15
2019-03-28 20:13:14+00:00,1553803994,53.88683,2.0085,0.0,159.0,268.0,15
2019-03-28 22:04:05+00:00,1553810645,53.88683,2.0085,0.0,159.0,320.0,15
2019-03-28 23:09:36+00:00,1553814576,53.88683,2.0085,0.0,159.0,307.0,15
2019-03-29 11:14:25+00:00,1553858065,53.88683,2.0085,0.0,159.0,141.0,15
2019-03-29 12:22:15+00:00,1553862135,53.88683,2.0085,0.0,159.0,277.0,15
2019-03-29 13:08:55+00:00,1553864935,53.88683,2.0085,0.0,159.0,326.0,15
2019-04-02 06:04:17+00:00,1554185057,53.86533,1.993333,0.0,16.0,143.0,15
2019-04-02 10:16:57+00:00,1554200217,53.86533,1.9935,0.0,16.0,17.0,15
2019-04-02 11:01:57+00:00,1554202917,53.86533,1.9935,0.0,16.0,196.0,15
2019-04-02 21:10:37+00:00,1554239437,53.85283,2.004333,0.0,160.0,335.0,15
2019-04-03 04:18:26+00:00,1554265106,53.85283,2.004333,0.0,160.0,238.0,15
2019-04-03 09:09:16+00:00,1554282556,53.85283,2.004333,0.0,160.0,302.0,15
2019-04-03 13:13:47+00:00,1554297227,53.85283,2.004333,0.0,160.0,287.0,15
2019-04-03 15:06:17+00:00,1554303977,53.85283,2.004333,0.0,160.0,113.0,15
2019-04-03 20:18:47+00:00,1554322727,53.842,2.015333,0.0,199.0,68.0,15
2019-04-03 22:09:59+00:00,1554329399,53.842,2.015333,0.0,199.0,188.0,15
2019-04-04 03:20:46+00:00,1554348046,53.842,2.0155,0.0,199.0,269.0,15
2019-04-04 11:04:06+00:00,1554375846,53.842,2.0155,0.0,199.0,43.0,15
2019-04-04 14:12:37+00:00,1554387157,53.842,2.015333,0.0,199.0,358.0,15
2019-04-05 12:15:07+00:00,1554466507,53.83317,2.013167,0.0,207.0,157.0,15
2019-04-05 16:21:57+00:00,1554481317,53.83317,2.013167,0.0,207.0,330.0,15
2019-04-05 21:07:16+00:00,1554498436,53.833,2.013167,0.0,207.0,257.0,15
2019-04-05 23:21:46+00:00,1554506506,53.83317,2.013167,0.0,207.0,308.0,15
2019-04-06 01:11:06+00:00,1554513066,53.833,2.013167,0.0,207.0,72.0,15
2019-04-09 16:07:09+00:00,1554826029,53.88766,2.048167,0.0,215.0,57.0,15
2019-04-10 05:08:28+00:00,1554872908,53.88766,2.048167,0.0,215.0,1.0,15
2019-04-10 22:16:58+00:00,1554934618,53.88783,2.048167,0.0,215.0,216.0,15
2019-04-11 01:16:18+00:00,1554945378,53.88783,2.048167,0.0,215.0,190.0,15
2019-04-11 13:04:09+00:00,1554987849,53.83417,1.908333,0.0,207.0,40.0,15
2019-04-11 19:00:59+00:00,1555009259,53.83417,1.908333,0.0,207.0,295.0,15
2019-04-11 20:08:29+00:00,1555013309,53.83417,1.908333,0.0,207.0,171.0,15
2019-04-11 23:05:09+00:00,1555023909,53.83417,1.908333,0.0,207.0,46.0,15
2019-04-12 11:10:58+00:00,1555067458,53.83417,1.908333,0.0,207.0,178.0,15
2019-04-12 23:12:49+00:00,1555110769,53.83433,1.932667,0.0,249.0,341.0,15
2019-04-13 01:03:59+00:00,1555117439,53.83433,1.932667,0.0,249.0,80.0,15
2019-04-13 08:07:09+00:00,1555142829,53.83433,1.932667,0.0,249.0,342.0,15
2019-04-13 14:00:10+00:00,1555164010,53.83417,1.932667,0.0,249.0,35.0,15
2019-04-13 15:06:41+00:00,1555168001,53.83433,1.932667,0.0,249.0,234.0,15
2019-04-13 19:12:10+00:00,1555182730,53.83433,1.932667,0.0,249.0,183.0,15
2019-04-14 02:19:50+00:00,1555208390,53.83467,1.947833,0.0,281.0,82.0,3
2019-04-14 03:04:30+00:00,1555211070,53.83467,1.947833,0.0,281.0,349.0,3
2019-04-14 07:09:49+00:00,1555225789,53.83467,1.947833,0.0,281.0,289.0,3
2019-04-14 10:09:40+00:00,1555236580,53.83467,1.947833,0.0,281.0,349.0,3
2019-04-14 12:23:00+00:00,1555244580,53.83467,1.948,0.0,281.0,104.0,3
2019-04-14 14:14:19+00:00,1555251259,53.83467,1.947833,0.0,281.0,249.0,3
2019-04-14 23:06:11+00:00,1555283171,53.83467,1.947833,0.0,281.0,306.0,3
2019-04-15 01:14:10+00:00,1555290850,53.83467,1.947833,0.0,281.0,174.0,3
2019-04-15 07:18:41+00:00,1555312721,53.83467,1.947833,0.0,281.0,163.0,3
2019-04-15 08:04:20+00:00,1555315460,53.83467,1.948,0.0,281.0,316.0,3
2019-04-18 09:04:11+00:00,1555578251,53.834,1.872833,0.0,193.0,253.0,15
2019-04-18 12:01:00+00:00,1555588860,53.834,1.872833,0.0,193.0,169.0,15
2019-04-18 14:12:09+00:00,1555596729,53.834,1.872833,0.0,193.0,110.0,15
2019-04-19 15:12:19+00:00,1555686739,53.834,1.872833,0.0,193.0,351.0,15
2019-04-19 20:19:19+00:00,1555705159,53.834,1.848333,0.0,194.0,303.0,15
2019-04-19 23:19:21+00:00,1555715961,53.834,1.848333,0.0,193.0,155.0,15
2019-04-20 00:03:31+00:00,1555718611,53.834,1.848333,0.0,193.0,279.0,15
2019-04-20 01:12:19+00:00,1555722739,53.834,1.8485,0.0,193.0,309.0,15
2019-04-20 03:02:49+00:00,1555729369,53.834,1.8485,0.0,193.0,265.0,15
2019-04-20 05:12:30+00:00,1555737150,53.834,1.848333,0.0,193.0,205.0,15
2019-04-20 06:18:20+00:00,1555741100,53.834,1.848333,0.0,193.0,131.0,15
2019-04-20 10:18:10+00:00,1555755490,53.834,1.848333,0.0,193.0,297.0,15
2019-04-20 11:00:21+00:00,1555758021,53.834,1.848333,0.0,193.0,110.0,15
2019-04-20 13:16:11+00:00,1555766171,53.834,1.848333,0.0,193.0,200.0,15
2019-04-20 20:13:00+00:00,1555791180,53.83567,1.827833,0.0,179.0,148.0,15
2019-04-20 23:11:00+00:00,1555801860,53.83567,1.827833,0.0,179.0,79.0,15
2019-04-21 05:00:58+00:00,1555822858,53.83567,1.827833,0.0,179.0,261.0,15
2019-04-21 16:12:41+00:00,1555863161,53.83567,1.827833,0.0,179.0,232.0,15
2019-04-21 18:07:09+00:00,1555870029,53.837,1.805167,0.0,359.0,3.0,15
2019-04-22 04:15:00+00:00,1555906500,53.837,1.805167,0.0,359.0,155.0,15
2019-04-22 05:19:09+00:00,1555910349,53.837,1.805167,0.0,359.0,171.0,15
2019-04-22 06:05:29+00:00,1555913129,53.837,1.805167,0.0,359.0,142.0,15
2019-04-22 07:10:30+00:00,1555917030,53.837,1.805167,0.0,359.0,312.0,15
2019-04-22 08:17:20+00:00,1555921040,53.837,1.805167,0.0,359.0,201.0,15
2019-04-22 10:00:29+00:00,1555927229,53.837,1.805167,0.0,359.0,4.0,15
2019-04-25 12:00:15+00:00,1556193615,53.87217,1.807833,0.0,302.0,45.0,15
2019-04-25 20:07:44+00:00,1556222864,53.87217,1.807833,0.0,302.0,259.0,15
2019-04-25 22:00:55+00:00,1556229655,53.87217,1.807833,0.0,302.0,45.0,15
2019-04-26 11:20:15+00:00,1556277615,53.87217,1.807833,0.0,302.0,15.0,15
2019-04-27 05:19:45+00:00,1556342385,53.8705,1.828,0.0,322.0,14.0,15
2019-04-27 14:15:05+00:00,1556374505,53.8705,1.828,0.0,322.0,10.0,15
2019-04-27 19:04:33+00:00,1556391873,53.87067,1.828,0.0,322.0,16.0,15
2019-04-28 00:18:04+00:00,1556410684,53.8705,1.828,0.0,322.0,254.0,15
2019-04-28 16:15:03+00:00,1556468103,53.85733,1.840167,0.0,188.0,71.0,15
2019-04-28 17:00:14+00:00,1556470814,53.85733,1.840333,0.0,188.0,271.0,15
2019-04-28 23:20:55+00:00,1556493655,53.85733,1.840333,0.0,188.0,238.0,15
2019-04-29 01:11:13+00:00,1556500273,53.85733,1.840333,0.0,188.0,244.0,15
2019-04-29 02:18:24+00:00,1556504304,53.85733,1.840333,0.0,188.0,298.0,15
2019-04-29 04:11:24+00:00,1556511084,53.85733,1.840333,0.0,188.0,108.0,15
2019-04-29 08:16:44+00:00,1556525804,53.85733,1.840333,0.0,188.0,53.0,15
2019-04-29 12:01:45+00:00,1556539305,53.87067,1.862167,0.0,335.0,103.0,15
2019-04-29 17:14:55+00:00,1556558095,53.87083,1.862333,0.0,335.0,53.0,15
2019-04-29 18:22:04+00:00,1556562124,53.87067,1.862333,0.0,335.0,1.0,15
2019-04-29 20:14:34+00:00,1556568874,53.87067,1.862333,0.0,335.0,5.0,15
2019-04-29 21:23:15+00:00,1556572995,53.87067,1.862333,0.0,335.0,131.0,15
2019-04-30 00:18:44+00:00,1556583524,53.87067,1.862167,0.0,335.0,193.0,15
2019-04-30 03:20:14+00:00,1556594414,53.87067,1.862333,0.0,335.0,174.0,15
2019-04-30 06:18:54+00:00,1556605134,53.87067,1.862333,0.0,335.0,317.0,15
2019-05-06 12:06:26+00:00,1557144386,53.92317,2.095167,0.0,337.0,122.0,15
2019-05-06 15:11:26+00:00,1557155486,53.92317,2.095167,0.0,337.0,300.0,15
2019-05-06 19:20:56+00:00,1557170456,53.92317,2.095167,0.0,337.0,215.0,15
2019-05-06 23:17:46+00:00,1557184666,53.92317,2.095167,0.0,337.0,146.0,15
2019-05-07 03:15:04+00:00,1557198904,53.923,2.095167,0.0,337.0,320.0,15
2019-05-07 07:20:34+00:00,1557213634,53.92317,2.095167,0.0,337.0,269.0,15
2019-05-07 11:14:06+00:00,1557227646,53.92317,2.095167,0.0,337.0,254.0,15
2019-05-07 14:15:25+00:00,1557238525,53.92317,2.095167,0.0,337.0,42.0,15
2019-05-07 17:11:24+00:00,1557249084,53.92317,2.095167,0.0,337.0,197.0,15
2019-05-08 00:20:16+00:00,1557274816,53.92317,2.095333,0.0,337.0,83.0,15
2019-05-08 04:13:25+00:00,1557288805,53.8865,2.094167,0.0,356.0,256.0,15
2019-05-08 09:00:35+00:00,1557306035,53.8865,2.094167,0.0,356.0,20.0,15
2019-05-08 11:09:45+00:00,1557313785,53.8865,2.094167,0.0,356.0,35.0,15
2019-05-08 13:02:25+00:00,1557320545,53.8865,2.094167,0.0,356.0,295.0,15
2019-05-08 16:04:44+00:00,1557331484,53.8865,2.094167,0.0,356.0,39.0,15
2019-05-09 01:18:55+00:00,1557364735,53.8865,2.094167,0.0,356.0,210.0,15
2019-05-09 02:06:06+00:00,1557367566,53.8865,2.094167,0.0,356.0,155.0,15
2019-05-09 18:03:07+00:00,1557424987,53.8865,2.094333,0.0,356.0,72.0,15
2019-05-09 21:21:36+00:00,1557436896,53.8865,2.094333,0.0,356.0,162.0,15
2019-05-10 03:22:17+00:00,1557458537,53.91983,1.807833,0.0,328.0,75.0,15
2019-05-10 05:14:06+00:00,1557465246,53.91983,1.807833,0.0,328.0,176.0,15
2019-05-10 08:12:17+00:00,1557475937,53.91983,1.807833,0.0,328.0,20.0,15
2019-05-10 10:04:47+00:00,1557482687,53.91983,1.807833,0.0,328.0,218.0,15
2019-05-10 16:03:57+00:00,1557504237,53.91983,1.807833,0.0,328.0,119.0,15
2019-05-10 18:18:46+00:00,1557512326,53.91983,1.807833,0.0,328.0,74.0,15
2019-05-10 19:03:37+00:00,1557515017,53.91983,1.807833,0.0,328.0,132.0,15
2019-05-10 21:15:16+00:00,1557522916,53.91983,1.807833,0.0,328.0,85.0,15
2019-05-11 11:04:37+00:00,1557572677,53.908,1.819167,0.0,151.0,131.0,15
2019-05-11 15:08:17+00:00,1557587297,53.908,1.819167,0.0,151.0,76.0,15
2019-05-11 18:02:26+00:00,1557597746,53.908,1.819167,0.0,151.0,337.0,15
2019-05-11 19:07:47+00:00,1557601667,53.908,1.819167,0.0,151.0,268.0,15
2019-05-11 21:11:16+00:00,1557609076,53.908,1.819167,0.0,151.0,83.0,15
2019-05-12 04:13:37+00:00,1557634417,53.908,1.819167,0.0,151.0,355.0,15
2019-05-14 23:17:48+00:00,1557875868,53.912,2.108333,0.0,30.0,128.0,15
2019-05-15 03:13:37+00:00,1557890017,53.91183,2.108333,0.0,30.0,319.0,15
2019-05-15 10:11:17+00:00,1557915077,53.912,2.108333,0.0,30.0,268.0,15
2019-05-15 11:17:48+00:00,1557919068,53.91183,2.108333,0.0,30.0,88.0,15
2019-05-15 17:05:48+00:00,1557939948,53.912,2.108333,0.0,30.0,271.0,15
2019-05-15 20:04:57+00:00,1557950697,53.912,2.108333,0.0,30.0,145.0,15
2019-05-15 21:11:07+00:00,1557954667,53.91183,2.108333,0.0,30.0,312.0,15
2019-05-16 02:02:37+00:00,1557972157,53.912,2.108333,0.0,30.0,180.0,15
2019-05-16 04:17:07+00:00,1557980227,53.91183,2.108333,0.0,30.0,151.0,15
2019-05-16 05:01:07+00:00,1557982867,53.912,2.108333,0.0,30.0,172.0,15
2019-05-22 04:49:39+00:00,1558500579,53.90133,2.1185,0.0,320.0,97.0,15
2019-05-22 14:05:59+00:00,1558533959,53.90133,2.1185,0.0,320.0,216.0,15
2019-05-22 15:10:29+00:00,1558537829,53.9015,2.1185,0.0,320.0,91.0,15
2019-05-22 16:00:19+00:00,1558540819,53.90133,2.1185,0.0,320.0,176.0,15
2019-05-22 19:20:08+00:00,1558552808,53.90133,2.118333,0.0,320.0,53.0,15
2019-05-22 21:11:08+00:00,1558559468,53.9015,2.1185,0.0,320.0,324.0,15
2019-05-22 22:20:27+00:00,1558563627,53.9015,2.1185,0.0,320.0,335.0,15
2019-05-23 00:03:49+00:00,1558569829,53.9015,2.1185,0.0,320.0,29.0,15
2019-05-23 03:11:59+00:00,1558581119,53.9015,2.1185,0.0,320.0,82.0,15
2019-06-09 11:20:25+00:00,1560079225,53.86883,2.110333,0.0,225.0,238.0,15
2019-06-09 13:19:16+00:00,1560086356,53.86883,2.110333,0.0,225.0,184.0,15
2019-06-09 17:00:06+00:00,1560099606,53.86883,2.110333,0.0,225.0,38.0,15
2019-06-09 21:18:06+00:00,1560115086,53.86883,2.110333,0.0,225.0,251.0,15
2019-06-09 22:02:45+00:00,1560117765,53.86883,2.110333,0.0,225.0,349.0,15
2019-06-10 03:08:46+00:00,1560136126,53.86883,2.110333,0.0,225.0,37.0,15
2019-06-10 11:11:56+00:00,1560165116,53.86883,2.110333,0.0,225.0,215.0,15
2019-06-10 21:08:57+00:00,1560200937,53.86017,2.122833,0.0,347.0,138.0,15
2019-06-11 00:18:15+00:00,1560212295,53.86017,2.122833,0.0,347.0,250.0,15
2019-06-11 04:13:17+00:00,1560226397,53.86017,2.122833,0.0,347.0,116.0,15
2019-06-11 07:12:16+00:00,1560237136,53.86017,2.123,0.0,347.0,214.0,15
2019-06-11 18:16:57+00:00,1560277017,53.86017,2.122833,0.0,347.0,4.0,15
2019-06-11 20:10:26+00:00,1560283826,53.86017,2.122833,0.0,347.0,109.0,15
2019-06-12 02:02:25+00:00,1560304945,53.86017,2.122833,0.0,347.0,328.0,15
2019-06-12 08:12:06+00:00,1560327126,53.86017,2.123,0.0,347.0,290.0,15
2019-06-12 09:20:36+00:00,1560331236,53.86017,2.122833,0.0,347.0,280.0,15
2019-06-12 11:07:35+00:00,1560337655,53.86017,2.123,0.0,347.0,343.0,15
2019-06-12 14:08:56+00:00,1560348536,53.86017,2.122833,0.0,347.0,50.0,15
2019-06-12 18:08:07+00:00,1560362887,53.84017,2.058833,0.0,210.0,64.0,15
2019-06-12 20:03:15+00:00,1560369795,53.84017,2.058833,0.0,210.0,82.0,15
2019-06-12 21:09:56+00:00,1560373796,53.84017,2.058833,0.0,210.0,24.0,15
2019-06-13 02:08:16+00:00,1560391696,53.84017,2.058833,0.0,210.0,94.0,15
2019-06-13 05:16:06+00:00,1560402966,53.84017,2.058833,0.0,210.0,254.0,15
2019-06-13 13:14:16+00:00,1560431656,53.84017,2.058833,0.0,210.0,154.0,15
2019-06-13 19:02:15+00:00,1560452535,53.84017,2.058833,0.0,210.0,276.0,15
2019-06-14 01:04:06+00:00,1560474246,53.84017,2.058833,0.0,210.0,17.0,15
2019-06-14 05:22:37+00:00,1560489757,53.84017,2.058833,0.0,210.0,351.0,15
2019-06-14 06:07:16+00:00,1560492436,53.84017,2.058833,0.0,210.0,250.0,15
2019-06-14 13:13:40+00:00,1560518020,53.84017,2.058833,0.0,210.0,111.0,15
2019-06-14 16:09:05+00:00,1560528545,53.84017,2.058833,0.0,210.0,180.0,15
2019-06-14 17:15:56+00:00,1560532556,53.84017,2.058833,0.0,210.0,259.0,15
2019-06-14 18:20:57+00:00,1560536457,53.84017,2.058667,0.0,210.0,77.0,3
2019-06-19 10:01:46+00:00,1560938506,53.84783,2.095833,0.0,11.0,142.0,15
2019-06-19 13:20:26+00:00,1560950426,53.84783,2.095667,0.0,11.0,353.0,15
2019-06-19 18:07:47+00:00,1560967667,53.84783,2.095833,0.0,11.0,161.0,15
2019-06-19 19:15:36+00:00,1560971736,53.84783,2.095833,0.0,11.0,137.0,15
2019-06-19 21:07:16+00:00,1560978436,53.84783,2.095833,0.0,11.0,78.0,15
2019-07-05 20:54:34+00:00,1562360074,53.83017,2.0725,0.0,330.0,53.0,15
2019-07-08 02:19:25+00:00,1562552365,53.832,2.042833,0.0,354.0,185.0,15
2019-07-08 09:15:35+00:00,1562577335,53.832,2.043,0.0,355.0,280.0,15
2019-07-08 12:14:43+00:00,1562588083,53.832,2.043,0.0,355.0,103.0,15
2019-07-08 14:01:03+00:00,1562594463,53.832,2.042833,0.0,355.0,303.0,15
2019-07-08 17:18:44+00:00,1562606324,53.832,2.042833,0.0,355.0,337.0,15
2019-07-09 04:15:55+00:00,1562645755,53.83283,2.029,0.0,4.0,305.0,15
2019-07-09 05:01:04+00:00,1562648464,53.83283,2.029,0.0,4.0,61.0,15
2019-07-09 11:02:44+00:00,1562670164,53.83283,2.029,0.0,4.0,258.0,15
2019-07-09 12:13:15+00:00,1562674395,53.83283,2.029,0.0,4.0,19.0,15
2019-07-13 01:17:35+00:00,1562980655,53.89633,2.080333,0.0,189.0,178.0,3
2019-07-13 02:02:33+00:00,1562983353,53.89633,2.080333,0.0,189.0,325.0,3
2019-07-13 05:00:55+00:00,1562994055,53.89633,2.0805,0.0,189.0,357.0,3
2019-07-13 13:02:14+00:00,1563022934,53.89633,2.080333,0.0,189.0,326.0,3
2019-07-13 15:14:35+00:00,1563030875,53.89633,2.080333,0.0,189.0,25.0,3
2019-07-13 21:12:24+00:00,1563052344,53.89633,2.0805,0.0,189.0,254.0,3
2019-07-13 22:18:04+00:00,1563056284,53.89633,2.080333,0.0,189.0,201.0,3
2019-07-14 15:18:44+00:00,1563117524,53.87683,2.022167,0.0,8.0,354.0,15
2019-07-14 16:00:45+00:00,1563120045,53.87683,2.022167,0.0,8.0,8.0,15
2019-07-14 20:07:23+00:00,1563134843,53.87683,2.022167,0.0,8.0,17.0,15
2019-07-15 10:36:43+00:00,1563187003,53.86517,2.034,0.0,327.0,121.0,15
2019-07-16 04:15:45+00:00,1563250545,53.86517,2.034,0.0,327.0,201.0,15
2019-07-16 09:20:55+00:00,1563268855,53.85183,2.046167,0.0,199.0,214.0,15
2019-07-16 12:18:32+00:00,1563279512,53.85183,2.046167,0.0,199.0,55.0,15
2019-07-16 13:01:25+00:00,1563282085,53.85183,2.046167,0.0,199.0,72.0,15
2019-07-16 16:19:05+00:00,1563293945,53.85183,2.046167,0.0,199.0,243.0,15
2019-07-16 22:08:27+00:00,1563314907,53.85183,2.046167,0.0,199.0,316.0,15
2019-07-17 02:00:53+00:00,1563328853,53.85183,2.046167,0.0,199.0,335.0,15
2019-07-17 05:16:03+00:00,1563340563,53.85183,2.046167,0.0,199.0,342.0,15
2019-07-17 06:02:05+00:00,1563343325,53.85183,2.046167,0.0,199.0,122.0,15
2019-07-17 07:04:06+00:00,1563347046,53.85183,2.046167,0.0,199.0,121.0,15
2019-08-02 09:10:08+00:00,1564737008,53.85167,1.729833,0.0,31.0,175.0,15
2019-08-02 16:06:20+00:00,1564761980,53.85167,1.729833,0.0,31.0,350.0,15
2019-08-02 20:07:23+00:00,1564776443,53.85167,1.729833,0.0,31.0,98.0,15
2019-08-03 03:18:43+00:00,1564802323,53.85167,1.729833,0.0,31.0,102.0,15
2019-08-03 11:19:34+00:00,1564831174,53.8345,1.723,0.0,180.0,325.0,15
2019-08-03 14:19:42+00:00,1564841982,53.8345,1.723,0.0,180.0,299.0,15
2019-08-03 17:03:02+00:00,1564851782,53.8345,1.723,0.0,180.0,263.0,15
2019-08-03 23:16:02+00:00,1564874162,53.8345,1.723,0.0,180.0,271.0,15
2019-08-04 07:16:43+00:00,1564903003,53.83433,1.7445,0.0,179.0,224.0,15
2019-08-04 08:00:33+00:00,1564905633,53.83433,1.7445,0.0,179.0,214.0,15
2019-08-04 22:02:32+00:00,1564956152,53.83433,1.7445,0.0,179.0,86.0,15
2019-08-05 01:19:14+00:00,1564967954,53.83433,1.7445,0.0,179.0,318.0,15
2019-08-05 05:11:53+00:00,1564981913,53.83433,1.7445,0.0,179.0,186.0,15
2019-08-07 21:20:23+00:00,1565212823,53.87117,1.757667,0.0,160.0,179.0,15
2019-08-08 01:24:00+00:00,1565227440,53.871,1.757667,0.0,160.0,127.0,15
2019-08-08 02:14:50+00:00,1565230490,53.871,1.757667,0.0,160.0,280.0,15
2019-08-08 17:12:30+00:00,1565284350,53.871,1.757667,0.0,160.0,78.0,15
2019-08-08 18:16:29+00:00,1565288189,53.871,1.757667,0.0,160.0,220.0,15
2019-08-08 19:20:29+00:00,1565292029,53.87117,1.757667,0.0,160.0,113.0,15
2019-08-09 00:10:59+00:00,1565309459,53.871,1.757667,0.0,160.0,39.0,15
2019-08-09 16:02:51+00:00,1565366571,53.88183,1.723333,0.0,169.0,202.0,15
2019-08-09 21:15:22+00:00,1565385322,53.88183,1.723333,0.0,169.0,313.0,15
2019-08-09 23:46:41+00:00,1565394401,53.88183,1.723333,0.0,169.0,201.0,15
2019-08-10 00:07:30+00:00,1565395650,53.88183,1.723333,0.0,169.0,18.0,15
2019-08-10 08:17:42+00:00,1565425062,53.88183,1.723333,0.0,169.0,253.0,15
2019-08-10 19:10:44+00:00,1565464244,53.88183,1.723167,0.0,169.0,178.0,15
2019-08-11 09:13:11+00:00,1565514791,53.88183,1.723333,0.0,169.0,298.0,15
2019-08-11 19:05:51+00:00,1565550351,53.88183,1.723333,0.0,169.0,136.0,15
2019-08-11 20:10:35+00:00,1565554235,53.88183,1.723333,0.0,169.0,60.0,15
2019-08-11 22:18:31+00:00,1565561911,53.88183,1.723333,0.0,169.0,211.0,15
2019-08-12 01:09:50+00:00,1565572190,53.88183,1.723333,0.0,169.0,12.0,15
2019-08-12 15:29:21+00:00,1565623761,53.88183,1.723333,0.0,169.0,54.0,15
2019-08-12 18:02:01+00:00,1565632921,53.88183,1.723333,0.0,169.0,50.0,15
2019-08-12 19:04:21+00:00,1565636661,53.88183,1.723333,0.0,169.0,293.0,15
2019-08-12 23:01:30+00:00,1565650890,53.88183,1.723333,0.0,169.0,97.0,15
2019-08-13 00:05:59+00:00,1565654759,53.88183,1.723333,0.0,169.0,120.0,15
2019-08-13 01:10:24+00:00,1565658624,53.88183,1.723333,0.0,169.0,188.0,15
2019-08-13 03:09:19+00:00,1565665759,53.87233,1.733333,0.0,184.0,73.0,15
2019-08-13 04:00:00+00:00,1565668800,53.8725,1.733333,0.0,184.0,94.0,15
2019-08-13 13:23:01+00:00,1565702581,53.8725,1.733333,0.0,184.0,304.0,15
2019-08-13 16:19:42+00:00,1565713182,53.8725,1.733333,0.0,184.0,4.0,15
2019-08-13 19:21:19+00:00,1565724079,53.8725,1.733333,0.0,184.0,180.0,15
2019-08-13 23:00:45+00:00,1565737245,53.8725,1.733333,0.0,184.0,124.0,15
2019-08-14 02:18:39+00:00,1565749119,53.863,1.743667,0.0,185.0,79.0,15
2019-08-14 05:20:20+00:00,1565760020,53.863,1.743667,0.0,185.0,331.0,15
2019-08-14 13:15:25+00:00,1565788525,53.863,1.743667,0.0,185.0,161.0,15
2019-08-14 21:14:01+00:00,1565817241,53.863,1.743667,0.0,185.0,301.0,15
2019-08-15 01:01:49+00:00,1565830909,53.863,1.743667,0.0,185.0,104.0,15
2019-08-15 03:14:23+00:00,1565838863,53.86317,1.743667,0.0,185.0,171.0,15
2019-08-15 06:05:47+00:00,1565849147,53.863,1.743667,0.0,185.0,138.0,15
2019-08-15 07:11:49+00:00,1565853109,53.86317,1.743667,0.0,185.0,300.0,15
2019-08-15 11:15:26+00:00,1565867726,53.863,1.743667,0.0,185.0,313.0,15
2019-08-15 17:16:51+00:00,1565889411,53.863,1.743667,0.0,185.0,260.0,15
2019-08-15 19:06:05+00:00,1565895965,53.863,1.743667,0.0,185.0,280.0,15
2019-08-19 17:19:21+00:00,1566235161,53.91516,1.7765,0.0,194.0,315.0,15
2019-08-19 19:07:20+00:00,1566241640,53.91516,1.776333,0.0,194.0,56.0,15
2019-08-19 21:20:00+00:00,1566249600,53.91516,1.776333,0.0,194.0,115.0,15
2019-08-19 22:03:42+00:00,1566252222,53.91516,1.776333,0.0,194.0,98.0,15
2019-08-19 23:12:51+00:00,1566256371,53.91516,1.776333,0.0,194.0,248.0,15
2019-08-21 02:17:00+00:00,1566353820,53.91516,1.776333,0.0,194.0,16.0,15
2019-08-21 04:07:21+00:00,1566360441,53.91516,1.776333,0.0,194.0,19.0,15
2019-08-21 08:10:51+00:00,1566375051,53.91516,1.776333,0.0,194.0,295.0,15
2019-08-21 10:01:31+00:00,1566381691,53.91516,1.7765,0.0,194.0,1.0,15
2019-08-21 14:03:40+00:00,1566396220,53.91516,1.776333,0.0,194.0,131.0,15
2019-08-21 17:02:40+00:00,1566406960,53.91516,1.776333,0.0,195.0,295.0,15
2019-08-21 21:06:11+00:00,1566421571,53.91516,1.776333,0.0,194.0,11.0,15
2019-08-22 06:00:30+00:00,1566453630,53.91516,1.776333,0.0,194.0,334.0,15
2019-08-22 14:27:00+00:00,1566484020,53.91516,1.776333,0.0,194.0,87.0,15
2019-08-22 16:25:41+00:00,1566491141,53.91516,1.776333,0.0,194.0,253.0,15
2019-08-22 17:14:20+00:00,1566494060,53.91516,1.776333,0.0,194.0,348.0,15
2019-08-22 21:18:21+00:00,1566508701,53.91516,1.776333,0.0,194.0,101.0,15
2019-08-23 06:22:37+00:00,1566541357,53.91516,1.776333,0.0,194.0,73.0,15
2019-08-23 12:17:48+00:00,1566562668,53.91516,1.776333,0.0,194.0,317.0,15
2019-08-23 20:03:50+00:00,1566590630,53.90367,1.789,0.0,199.0,52.0,15
2019-08-23 22:13:47+00:00,1566598427,53.90367,1.789,0.0,199.0,338.0,15
2019-08-23 23:18:41+00:00,1566602321,53.90367,1.789,0.0,199.0,337.0,15
2019-08-24 02:15:10+00:00,1566612910,53.90367,1.789,0.0,199.0,152.0,15
2019-08-24 04:09:51+00:00,1566619791,53.90367,1.789,0.0,199.0,158.0,15
2019-08-24 09:15:19+00:00,1566638119,53.90367,1.789,0.0,199.0,75.0,15
2019-08-24 11:00:00+00:00,1566644400,53.90367,1.789,0.0,199.0,273.0,15
2019-08-24 17:10:02+00:00,1566666602,53.89283,1.783833,0.0,177.0,0.0,15
2019-08-24 19:19:12+00:00,1566674352,53.89283,1.783667,0.0,177.0,120.0,15
2019-08-24 22:06:41+00:00,1566684401,53.89283,1.783833,0.0,178.0,339.0,15
2019-08-25 01:03:30+00:00,1566695010,53.89283,1.783833,0.0,178.0,235.0,15
2019-08-25 09:08:50+00:00,1566724130,53.89283,1.783833,0.0,177.0,10.0,15
2019-08-25 11:17:37+00:00,1566731857,53.89283,1.783667,0.0,177.0,207.0,15
2019-08-25 14:11:31+00:00,1566742291,53.89283,1.783667,0.0,177.0,289.0,15
2019-08-25 18:20:22+00:00,1566757222,53.89167,1.756833,0.0,188.0,22.0,15
2019-08-26 00:20:11+00:00,1566778811,53.89167,1.756833,0.0,188.0,358.0,15
2019-08-26 05:02:11+00:00,1566795731,53.89167,1.756833,0.0,188.0,301.0,15
2019-08-26 07:07:51+00:00,1566803271,53.89167,1.756833,0.0,188.0,353.0,15
2019-08-26 19:18:10+00:00,1566847090,53.89167,1.756833,0.0,188.0,201.0,15
2019-08-26 22:09:20+00:00,1566857360,53.89167,1.756833,0.0,188.0,322.0,15
2019-09-11 14:00:20+00:00,1568210420,53.94267,1.731833,0.0,30.0,267.0,15
2019-09-11 19:06:02+00:00,1568228762,53.94267,1.732,0.0,30.0,29.0,15
2019-09-11 21:16:32+00:00,1568236592,53.94267,1.732,0.0,30.0,267.0,15
2019-09-12 03:12:22+00:00,1568257942,53.94267,1.732,0.0,30.0,143.0,15
2019-09-12 11:11:21+00:00,1568286681,53.94267,1.732,0.0,30.0,356.0,15
2019-09-12 14:13:31+00:00,1568297611,53.94267,1.732,0.0,30.0,227.0,15
2019-09-13 00:15:01+00:00,1568333701,53.94267,1.732,0.0,30.0,135.0,15
2019-09-24 08:07:23+00:00,1569312443,53.96133,1.7605,0.0,339.0,325.0,15
2019-09-24 13:05:12+00:00,1569330312,53.96133,1.7605,0.0,339.0,255.0,15
2019-09-24 22:04:13+00:00,1569362653,53.96133,1.7605,0.0,339.0,150.0,15
